0,57655,
