0,57635,
