0,54595,
